3.24
10.86
14.99
30.63
11.2
14.49
17.38
33.02
7.47
11.2
20.4
31.91
21.46
34.05
10.5
16.9
6.22
11.47
5.31
11.47
14.99
28.96
7.22
16.9
26.64
35.17
2.57
11.2
7.25
12.06
30.72
34.05
14.99
33.82
10.5
33.51
28.57
33.02
10.86
11.37
11.2
34.05
10.5
33.82
3.02
12.2
7.12
12.2
2.57
9.47
30.72
35.2
6.51
12.63
2.99
8.55
8.3
12.08
29.85
34.05
10.5
31.91
3.02
15.5
17.38
33.82
5.61
12.64
6.51
30.59
6.24
7.7
6.24
27.23
2.81
8.36
23.77
33.77
7.25
16.9
7.39
33.49
30.63
33.82
20.4
30.91
5.04
30.09
5.05
12.06
29.85
35.2
11.1
34.05
2.66
7.67
0.0
8.3
2.66
5.31
17.93
32.51
27.23
33.49
12.06
35.2
4.93
13.0
7.67
35.2
5.8
8.55
5.05
17.93
27.23
35.2
8.3
30.72
10.5
23.77
30.9
35.2
6.86
12.63
4.91
34.05
27.23
33.49
30.9
33.82
5.43
9.79
4.91
27.23
12.06
16.62
17.38
34.05
4.77
8.38
2.81
15.5
30.59
35.2
3.24
12.2
4.91
30.72
10.82
11.37
23.77
33.51
10.5
27.23
7.7
12.64
3.46
12.64
3.24
11.2
2.99
10.99
6.57
12.06
2.66
14.7
7.15
14.49
5.3
14.49
5.3
16.62
2.57
12.06
5.31
14.7
6.53
12.08
19.16
34.05
6.53
13.91
8.5
35.2
3.46
11.2
28.57
32.51
6.24
12.63
2.66
11.1
12.2
33.49
0.0
12.06
29.85
35.2
13.31
33.82
7.7
14.49
10.99
12.63
4.77
14.99
2.99
14.49
5.93
10.01
23.77
30.99
16.62
33.77
6.57
35.2
17.38
30.63
7.32
14.7
7.7
16.9
6.24
16.9
3.46
13.31
5.04
12.2
5.82
11.91
19.16
33.51
35.17
35.2
16.9
31.91
3.02
14.49
10.5
33.51
27.23
33.77
2.99
14.49
7.5
9.79
19.16
31.91
5.82
14.7
2.66
7.67
26.93
33.51
11.47
15.5
0.0
9.47
21.46
33.49
2.57
12.63
3.18
16.43
20.4
35.17
4.93
12.63
19.16
30.99
3.24
7.51
23.77
33.82
5.04
16.9
3.02
12.2
5.93
16.9
5.82
11.37
6.95
10.5
30.72
35.2
8.69
34.05
2.57
7.51
5.91
11.47
26.64
35.2
4.95
14.49
2.66
14.7
2.66
14.7
4.43
8.3
2.99
11.47
5.82
14.49
5.33
33.49
2.57
12.2
0.0
8.3
3.69
12.06
19.21
34.05
0.0
13.91
5.3
9.36
5.65
19.16
17.38
30.91
6.24
20.0
2.99
12.63
5.63
14.49
2.99
7.67
10.93
12.64
17.38
28.96
5.04
35.17
0.0
10.5
14.99
28.96
5.82
30.99
2.66
6.95
26.93
34.05
6.57
15.5
5.05
14.99
7.12
32.51
30.59
32.51
11.1
33.82
26.93
33.51
0.0
12.06
7.7
10.99
4.43
11.2
13.0
28.96
17.38
30.81
3.46
12.64
0.0
12.2
5.05
29.85
10.5
33.82
17.38
33.51
23.28
34.05
10.5
30.81
16.9
33.82
5.63
17.38
5.31
13.91
3.46
12.63
5.05
13.31
2.57
14.49
2.57
12.06
30.09
35.17
7.32
14.7
7.7
31.91
26.64
30.72
19.16
33.51
4.43
21.46
2.99
9.36
7.15
33.82
3.56
12.64
7.7
11.91
6.22
8.01
23.77
33.51
9.49
11.91
5.82
16.9
6.53
12.2
5.3
11.1
2.66
16.62
30.09
34.05
20.4
32.51
2.81
14.7
4.93
28.96
17.93
30.9
4.43
8.3
3.24
12.08
28.57
33.51
7.4
12.06
30.59
35.2
30.72
35.2
10.95
15.5
5.65
13.91
4.91
16.62
13.31
30.81
5.9
35.17
5.09
11.1
7.22
35.17
8.05
15.5
3.69
10.5
3.24
16.62
7.12
9.79
20.4
33.82
2.66
9.47
5.91
11.47
29.85
35.2
10.5
31.91
6.22
7.7
13.31
32.51
6.22
16.9
6.24
7.52
12.06
35.2
26.93
30.91
10.01
14.49
2.81
16.62
4.93
20.0
5.04
16.62
2.66
34.05
13.91
30.91
5.65
19.21
7.25
33.77
2.57
10.5
4.77
7.7
4.43
14.49
2.57
11.1
2.57
14.7
5.31
16.9
10.86
12.63
10.86
11.93
8.01
30.63
13.31
33.51
2.66
8.3
4.93
8.01
2.99
11.2
29.85
35.17
0.0
14.49
17.38
32.51
26.94
30.99
6.51
12.06
5.05
11.1
16.62
33.49
10.5
35.2
20.4
33.82
